Page Size: 4096
Num Frames: 4
type	virt-page	evicted-virt-page	write-back	phy-addr
1		1		-1		0		0x0004
0		2		-1		0		0x1008
1		3		-1		0		0x200c
0		4		-1		0		0x3010
1		5		1		1		0x0004
0		6		2		0		0x1008
0		7		3		1		0x200c
0		8		4		0		0x3010
0		1		5		1		0x0004
1		2		6		0		0x1008
0		3		7		0		0x200c
0		4		8		0		0x3010
1		5		1		0		0x0004
1		6		2		1		0x1008
1		7		3		0		0x200c
1		8		4		0		0x3010
0		10		5		1		0x0004
0		11		6		1		0x1008
1		12		7		1		0x200c
0		13		8		1		0x3010
0		9		10		0		0x0014
1		8		11		0		0x1014
0		7		12		1		0x2014
0		6		13		0		0x3014
0		1		9		0		0x0004
1		2		8		1		0x1004
0		3		7		0		0x2004
0		4		6		0		0x3004
