Page Size: 4096
Num Frames: 12
type	virt-page	evicted-virt-page	write-back	phy-addr
1		1		-1		0		0x0004
0		2		-1		0		0x1008
1		3		-1		0		0x200c
0		4		-1		0		0x3010
1		5		-1		0		0x4004
0		6		-1		0		0x5008
0		7		-1		0		0x600c
0		8		-1		0		0x7010
2		2		-1		0		0x1008
2		6		-1		0		0x5008
2		7		-1		0		0x600c
2		8		-1		0		0x7010
0		10		-1		0		0x8004
0		11		-1		0		0x9008
1		12		-1		0		0xa00c
0		13		-1		0		0xb010
0		9		1		1		0x0014
0		1		2		1		0x1004
1		2		3		1		0x2004
0		3		4		0		0x3004
0		4		5		1		0x4004
