Page Size: 4096
Num Frames: 8
type	virt-page	evicted-virt-page	write-back	phy-addr
1		1		-1		0		0x0004
0		2		-1		0		0x1008
1		3		-1		0		0x200c
0		4		-1		0		0x3010
1		5		-1		0		0x4004
0		6		-1		0		0x5008
0		7		-1		0		0x600c
0		8		-1		0		0x7010
2		2		-1		0		0x1008
2		6		-1		0		0x5008
2		7		-1		0		0x600c
2		8		-1		0		0x7010
0		10		4		0		0x3004
0		11		1		1		0x0008
1		12		2		1		0x100c
0		13		3		1		0x2010
0		9		5		1		0x4014
4		8		-1		0		0x7014
3		7		-1		0		0x6014
3		6		-1		0		0x5014
0		1		10		0		0x3004
1		2		11		0		0x0004
0		3		13		0		0x2004
0		4		9		0		0x4004
3		1		-1		0		0x3004
