Page Size: 4096
Num Frames: 5
type	virt-page	evicted-virt-page	write-back	phy-addr
1		1		-1		0		0x0004
0		2		-1		0		0x1008
1		3		-1		0		0x200c
0		4		-1		0		0x3010
1		5		-1		0		0x4004
0		6		2		0		0x1008
0		7		4		0		0x300c
0		8		1		1		0x0010
0		1		3		1		0x2004
1		2		5		1		0x4008
0		3		6		0		0x100c
0		4		7		0		0x3010
1		5		8		0		0x0004
1		6		1		0		0x2008
1		7		3		0		0x100c
1		8		4		0		0x3010
0		10		2		1		0x4004
0		11		5		1		0x0008
1		12		6		1		0x200c
0		13		10		0		0x4010
0		9		7		1		0x1014
4		8		-1		0		0x3014
0		7		11		0		0x0014
0		6		13		0		0x4014
0		1		9		0		0x1004
1		2		12		1		0x2004
0		3		8		1		0x3004
0		4		7		0		0x0004
