Page Size: 4096
Num Frames: 4
type	virt-page	evicted-virt-page	write-back	phy-addr
1		1		-1		0		0x0004
0		2		-1		0		0x1008
1		3		-1		0		0x200c
0		4		-1		0		0x3010
1		5		2		0		0x1004
0		6		4		0		0x3008
0		7		1		1		0x000c
0		8		3		1		0x2010
0		1		6		0		0x3004
1		2		7		0		0x0008
0		3		5		1		0x100c
0		4		8		0		0x2010
1		5		1		0		0x3004
1		6		3		0		0x1008
1		7		4		0		0x200c
1		8		2		1		0x0010
0		10		5		1		0x3004
0		11		6		1		0x1008
1		12		7		1		0x200c
0		13		8		1		0x0010
0		9		10		0		0x3014
1		8		11		0		0x1014
0		7		13		0		0x0014
0		6		12		1		0x2014
0		1		9		0		0x3004
1		2		7		0		0x0004
0		3		8		1		0x1004
0		4		6		0		0x2004
3		1		-1		0		0x3004
