Page Size: 4096
Num Frames: 1
type	virt-page	evicted-virt-page	write-back	phy-addr
1		1		-1		0		0x0004
0		2		1		1		0x0008
1		3		2		0		0x000c
0		4		3		1		0x0010
1		5		4		0		0x0004
0		6		5		1		0x0008
0		7		6		0		0x000c
0		8		7		0		0x0010
0		1		8		0		0x0004
1		2		1		0		0x0008
0		3		2		1		0x000c
0		4		3		0		0x0010
1		5		4		0		0x0004
1		6		5		1		0x0008
1		7		6		1		0x000c
1		8		7		1		0x0010
0		10		8		1		0x0004
0		11		10		0		0x0008
1		12		11		0		0x000c
0		13		12		1		0x0010
0		9		13		0		0x0014
1		8		9		0		0x0014
0		7		8		1		0x0014
0		6		7		0		0x0014
0		1		6		0		0x0004
1		2		1		0		0x0004
0		3		2		1		0x0004
0		4		3		0		0x0004
0		2		4		0		0x0004
0		1		2		0		0x0004
