Page Size: 4096
Num Frames: 5
type	virt-page	evicted-virt-page	write-back	phy-addr
1		1		-1		0		0x0004
0		2		-1		0		0x1008
1		3		-1		0		0x200c
0		4		-1		0		0x3010
1		5		-1		0		0x4004
0		6		1		1		0x0008
0		7		2		0		0x100c
0		8		3		1		0x2010
0		1		4		0		0x3004
1		2		5		1		0x4008
0		3		6		0		0x000c
0		4		7		0		0x1010
1		5		8		0		0x2004
1		6		1		0		0x3008
1		7		2		1		0x400c
1		8		3		0		0x0010
0		10		4		0		0x1004
0		11		5		1		0x2008
1		12		6		1		0x300c
0		13		7		1		0x4010
0		9		8		1		0x0014
1		8		10		0		0x1014
0		7		11		0		0x2014
0		6		12		1		0x3014
0		1		13		0		0x4004
1		2		9		0		0x0004
0		3		8		1		0x1004
0		4		7		0		0x2004
